x0: [1.0, 1.0, 0.0]
Iteracion 1 [ 0.96230863  1.00561619 -0.04972076]
Iteracion 2 [ 0.92421771  1.00999926 -0.09900998]
Iteracion 3 [ 0.88569853  1.01318353 -0.14804821]
Iteracion 4 [ 0.84671692  1.01518162 -0.19700909]
Iteracion 5 [ 0.8072318   1.01598504 -0.24606662]
Iteracion 6 [ 0.76719321  1.01556322 -0.29540259]
Iteracion 7 [ 0.72653962  1.01386057 -0.34521513]
Iteracion 8 [ 0.68519389  1.0107913  -0.39572958]
Iteracion 9 [ 0.64305727  1.00623058 -0.44721362]
Iteracion 10 [ 0.59999999  0.99999998 -0.50000004]
